line
100 100 0 200 100 0
line
100 100 0 100 100 30
line
200 100 0 200 100 30
line
100 100 30 200 100 30
line
200 100 30 200 150 30
line
200 150 0 200 150 30
line
160 150 0 160 150 30
line
160 150 30 200 150 30
line
160 150 30 160 130 30
line
160 130 0 160 130 30
line
160 130 30 180 130 30
line
180 130 30 180 130 0
line
180 130 30 180 120 30
line
180 120 30 180 120 0
line
120 120 0 120 120 30
line
120 120 30 180 120 30
line
120 180 0 120 180 30
line
120 120 30 120 180 30
line
200 200 0 200 180 30
line
120 180 30 200 180 30
line
200 200 0 200 200 30
line
200 180 30 200 200 30
line
200 200 30 100 200 30
line
100 200 0 100 200 30
line
200 180 0 200 180 30
line
100 200 30 100 100 30
line
200 100 0 200 150 0
line
200 150 0 160 150 0
line
160 150 0 160 130 0
line
160 130 0 180 130 0
line
180 130 0 180 120 0
line
180 120 0 120 120 0
line
120 120 0 120 180 0
line
120 180 0 200 180 0
line
200 180 0 200 200 0
line
100 100 0 100 200 0
line
100 200 0 200 200 0
display
ident
rotate
z 20
rotate
x 20
rotate
y 20
apply
display
save
gee.png
quit
